postcode	suburb	no_permits	opacity	cost_of_works
0	ARMSTRONG CREEK	4	0.0036	710120
3000	MELBOURNE	877	0.7973	1207191483
3001	MELBOURNE	89	0.0809	119177515
3002	EAST MELBOURNE	61	0.0555	11356897
3003	WEST MELBOURNE	53	0.0482	49749934
3004	MELBOURNE	95	0.0864	35063406
3006	SOUTH WHARF	132	0.1200	257584492
3008	DOCKLANDS	104	0.0945	253316502
3010	UNIVERSITY OF MELBOURNE	1	0.0009	80000
3011	FOOTSCRAY	193	0.1755	194969192
3012	BROOKLYN	242	0.2200	55515078
3013	YARRAVILLE	183	0.1664	24227863
3015	NEWPORT	199	0.1809	32837506
3016	WILLIAMSTOWN	181	0.1645	33870984
3018	ALTONA	153	0.1391	40929495
3019	BRAYBROOK	64	0.0582	15273134
3020	ALBION	342	0.3109	84830959
3021	ALBANVALE	238	0.2164	25793724
3022	ARDEER	24	0.0218	28888248
3023	BURNSIDE	374	0.3400	107102044
3024	MOUNT COTTRELL	222	0.2018	39621541
3025	ALTONA EAST	135	0.1227	28418895
3026	LAVERTON NORTH	44	0.0400	29220404
3027	WILLIAMS LANDING	181	0.1645	67362266
3028	ALTONA MEADOWS	134	0.1218	77049370
3029	HOPPERS CROSSING	955	0.8682	293803107
3030	DERRIMUT	1036	0.9418	261620695
3031	FLEMINGTON	106	0.0964	22773303
3032	ASCOT VALE	350	0.3182	92126002
3033	KEILOR EAST	142	0.1291	43290699
3034	AVONDALE HEIGHTS	85	0.0773	13207371
3036	KEILOR	45	0.0409	5449141
3037	DELAHEY	317	0.2882	43590145
3038	KEILOR DOWNS	147	0.1336	13326203
3039	MOONEE PONDS	171	0.1555	29755016
3040	ABERFELDIE	295	0.2682	89377036
3041	ESSENDON FIELDS	132	0.1200	23077462
3042	AIRPORT WEST	207	0.1882	39318348
3043	GLADSTONE PARK	128	0.1164	26513226
3044	PASCOE VALE	269	0.2445	46695911
3046	GLENROY	290	0.2636	45389002
3047	BROADMEADOWS	159	0.1445	63782335
3048	COOLAROO	79	0.0718	10668292
3049	ATTWOOD	43	0.0391	7694125
3050	ROYAL MELBOURNE HOSPITAL	1	0.0009	9000
3051	NORTH MELBOURNE	66	0.0600	17277501
3052	PARKVILLE	75	0.0682	172052751
3053	CARLTON	138	0.1255	206234590
3054	CARLTON NORTH	71	0.0645	11722610
3055	BRUNSWICK WEST	84	0.0764	18557572
3056	BRUNSWICK	229	0.2082	55702978
3057	BRUNSWICK EAST	80	0.0727	124938883
3058	COBURG	386	0.3509	76541483
3059	GREENVALE	309	0.2809	64454070
3060	FAWKNER	91	0.0827	12227763
3061	CAMPBELLFIELD	61	0.0555	19860494
3062	SOMERTON	9	0.0082	3425300
3063	OAKLANDS JUNCTION	6	0.0055	92700
3064	CRAIGIEBURN	1020	0.9273	278292866
3065	FITZROY	133	0.1209	42497522
3066	COLLINGWOOD	86	0.0782	21916170
3067	ABBOTSFORD	110	0.1000	204003260
3068	CLIFTON HILL	180	0.1636	44016238
3070	NORTHCOTE	264	0.2400	55693214
3071	THORNBURY	173	0.1573	25683663
3072	PRESTON	321	0.2918	71685301
3073	KEON PARK	347	0.3155	58052017
3074	THOMASTOWN	87	0.0791	19723545
3075	LALOR	181	0.1645	30770862
3076	EPPING	292	0.2655	100675868
3078	ALPHINGTON	135	0.1227	32300687
3079	IVANHOE	197	0.1791	45669270
3081	BELLFIELD	140	0.1273	24667305
3082	MILL PARK	130	0.1182	17193598
3083	BUNDOORA	287	0.2609	62760371
3084	EAGLEMONT	227	0.2064	49899644
3085	MACLEOD	86	0.0782	9252032
3087	WATSONIA	51	0.0464	6288759
3088	BRIAR HILL	211	0.1918	20373566
3089	DIAMOND CREEK	105	0.0955	10080820
3090	PLENTY	34	0.0309	9254354
3091	YARRAMBAT	18	0.0164	1675909
3093	LOWER PLENTY	35	0.0318	6225752
3094	MONTMORENCY	71	0.0645	12247302
3095	ELTHAM	250	0.2273	29595972
3096	WATTLE GLEN	10	0.0091	414180
3097	BEND OF ISLANDS	24	0.0218	3438759
3099	ARTHURS CREEK	43	0.0391	7032584
3101	KEW	364	0.3309	164922283
3102	KEW EAST	72	0.0655	15254288
3103	BALWYN	223	0.2027	73370869
3104	BALWYN NORTH	240	0.2182	39982452
3105	BULLEEN	83	0.0755	19589313
3106	TEMPLESTOWE	105	0.0955	28101106
3107	TEMPLESTOWE LOWER	86	0.0782	18343475
3108	DONCASTER	147	0.1336	55316397
3109	DONCASTER EAST	141	0.1282	25786061
3111	DONVALE	95	0.0864	29762352
3113	NORTH WARRANDYTE	78	0.0709	8316423
3114	PARK ORCHARDS	50	0.0455	8560743
3115	WONGA PARK	30	0.0273	3305384
3116	CHIRNSIDE PARK	87	0.0791	14101418
3121	BURNLEY	365	0.3318	165946961
3122	HAWTHORN	240	0.2182	110892498
3123	HAWTHORN EAST	156	0.1418	47963189
3124	CAMBERWELL	310	0.2818	103658457
3125	BURWOOD	160	0.1455	116505419
3126	CANTERBURY	121	0.1100	36578485
3127	MONT ALBERT	226	0.2055	41759338
3128	BOX HILL	242	0.2200	106501141
3129	BOX HILL NORTH	155	0.1409	32866154
3130	BLACKBURN	406	0.3691	57396962
3131	FOREST HILL	246	0.2236	39029857
3132	MITCHAM	167	0.1518	36240338
3133	VERMONT	149	0.1355	74815400
3134	RINGWOOD	352	0.3200	87242537
3135	HEATHMONT	222	0.2018	30750082
3136	CROYDON	460	0.4182	79990071
3137	KILSYTH	127	0.1155	13599168
3138	MOOROOLBARK	200	0.1818	21230264
3139	BEENAK	117	0.1064	10934367
3140	LILYDALE	195	0.1773	70494748
3141	SOUTH YARRA	208	0.1891	170588420
3142	TOORAK	159	0.1445	94793991
3143	ARMADALE	89	0.0809	23721717
3144	KOOYONG	156	0.1418	52870367
3145	CAULFIELD EAST	241	0.2191	49996185
3146	GLEN IRIS	258	0.2345	57027579
3147	ASHBURTON	200	0.1818	36929011
3148	CHADSTONE	103	0.0936	21000443
3149	MOUNT WAVERLEY	321	0.2918	63371480
3150	GLEN WAVERLEY	519	0.4718	136809838
3151	BURWOOD EAST	89	0.0809	13200686
3152	WANTIRNA	249	0.2264	38637617
3153	BAYSWATER	175	0.1591	44242753
3154	THE BASIN	29	0.0264	7105470
3155	BORONIA	173	0.1573	35443603
3156	FERNTREE GULLY	306	0.2782	31768866
3158	UPWEY	52	0.0473	3526627
3159	MENZIES CREEK	20	0.0182	943305
3160	BELGRAVE	92	0.0836	9099620
3161	CAULFIELD NORTH	111	0.1009	33733296
3162	CAULFIELD	166	0.1509	53825197
3163	CARNEGIE	214	0.1945	50073469
3164	DANDENONG SOUTH	10	0.0091	15538000
3165	BENTLEIGH EAST	274	0.2491	54696049
3166	HUGHESDALE	222	0.2018	39530682
3167	OAKLEIGH SOUTH	81	0.0736	25053580
3168	CLAYTON	179	0.1627	102735780
3169	CLARINDA	99	0.0900	12685635
3170	MULGRAVE	193	0.1755	43251785
3171	SPRINGVALE	136	0.1236	28734527
3172	DINGLEY VILLAGE	124	0.1127	8436446
3173	KEYSBOROUGH	247	0.2245	68716175
3174	NOBLE PARK	186	0.1691	33459725
3175	BANGHOLME	345	0.3136	175582634
3177	DOVETON	83	0.0755	12090643
3178	ROWVILLE	214	0.1945	30556250
3179	SCORESBY	46	0.0418	4121460
3180	KNOXFIELD	68	0.0618	12184430
3181	PRAHRAN	154	0.1400	103176164
3182	ST KILDA	154	0.1400	47127120
3183	BALACLAVA	100	0.0909	14960035
3184	ELWOOD	129	0.1173	23970538
3185	ELSTERNWICK	122	0.1109	27340605
3186	BRIGHTON	322	0.2927	183847333
3187	BRIGHTON EAST	167	0.1518	33844459
3188	HAMPTON	229	0.2082	46933856
3189	MOORABBIN	72	0.0655	9969920
3190	HIGHETT	96	0.0873	44015054
3191	SANDRINGHAM	116	0.1055	44830484
3192	CHELTENHAM	223	0.2027	103410234
3193	BEAUMARIS	258	0.2345	59797332
3194	MENTONE	115	0.1045	24950192
3195	ASPENDALE	333	0.3027	49713371
3196	BONBEACH	197	0.1791	24121033
3197	CARRUM	76	0.0691	10743836
3198	SEAFORD	116	0.1055	13665136
3199	FRANKSTON	401	0.3645	129739852
3200	FRANKSTON NORTH	17	0.0155	1499083
3201	CARRUM DOWNS	161	0.1464	34646695
3202	HEATHERTON	9	0.0082	4108174
3204	BENTLEIGH	363	0.3300	70445859
3205	SOUTH MELBOURNE	151	0.1373	45693295
3206	ALBERT PARK	144	0.1309	32314540
3207	PORT MELBOURNE	170	0.1545	71872325
3211	LITTLE RIVER	20	0.0182	1623276
3212	AVALON	220	0.2000	23729194
3214	CORIO	184	0.1673	37021363
3215	BELL PARK	227	0.2064	45538649
3216	BELMONT	774	0.7036	147336247
3217	ARMSTRONG CREEK	245	0.2227	55297517
3218	GEELONG WEST	185	0.1682	23967543
3219	BREAKWATER	188	0.1709	18008648
3220	GEELONG	336	0.3055	138861511
3221	ANAKIE	134	0.1218	32044188
3222	CLIFTON SPRINGS	248	0.2255	39432845
3223	INDENTED HEAD	174	0.1582	31040986
3224	LEOPOLD	251	0.2282	29917880
3225	POINT LONSDALE	120	0.1091	23268989
3226	OCEAN GROVE	293	0.2664	56713412
3227	BARWON HEADS	166	0.1509	33905805
3228	BELLBRAE	354	0.3218	62733059
3230	ANGLESEA	84	0.0764	15476861
3231	AIREYS INLET	44	0.0400	11063674
3232	LORNE	40	0.0364	9392482
3233	APOLLO BAY	49	0.0445	6070065
3235	BOONAH	8	0.0073	1639885
3236	FORREST	3	0.0027	14420
3237	BEECH FOREST	1	0.0009	178000
3238	GLENAIRE	5	0.0045	508132
3239	GELLIBRAND	5	0.0045	335352
3240	BUCKLEY	34	0.0309	3066957
3241	BAMBRA	35	0.0318	2456115
3242	BIRREGURRA	23	0.0209	1615647
3243	BARWON DOWNS	6	0.0055	417986
3249	BARONGAROOK	38	0.0345	4277625
3250	BEEAC	132	0.1200	13209152
3251	BEEAC	4	0.0036	49890
3254	COROROOKE	3	0.0027	229950
3260	BOOKAAR	52	0.0473	3961554
3264	TERANG	20	0.0182	1250054
3265	BOORCAN	17	0.0155	1744585
3266	COBDEN	30	0.0273	1596965
3267	SCOTTS CREEK	1	0.0009	11000
3268	AYRFORD	26	0.0236	1938822
3269	PORT CAMPBELL	15	0.0136	547150
3270	PETERBOROUGH	9	0.0082	1527839
3271	DARLINGTON	2	0.0018	105001
3272	MORTLAKE	22	0.0200	1699421
3274	CARAMUT	7	0.0064	517769
3275	MAILORS FLAT	11	0.0100	1425662
3276	WOOLSTHORPE	3	0.0027	265000
3277	ALLANSFORD	29	0.0264	3798792
3278	PURNIM	3	0.0027	157605
3279	BALLANGEICH	2	0.0018	71880
3280	DENNINGTON	307	0.2791	51627014
3281	BUSHFIELD	28	0.0255	2221087
3282	ILLOWA	38	0.0345	4251857
3283	CROSSLEY	20	0.0182	2362122
3284	ORFORD	51	0.0464	9056003
3285	NARRAWONG	18	0.0164	2626551
3286	MACARTHUR	4	0.0036	69992
3287	HAWKESDALE	5	0.0045	345200
3289	PENSHURST	12	0.0109	713105
3292	NELSON	7	0.0064	435555
3293	GLENTHOMPSON	2	0.0018	35000
3294	DUNKELD	23	0.0209	1996306
3300	BYADUK NORTH	170	0.1545	17435060
3301	BROADWATER	16	0.0145	1863834
3302	BRANXHOLME	1	0.0009	11000
3303	Dunrobin	2	0.0018	23968
3304	BESSIEBELLE	31	0.0282	2578656
3305	ALLESTREE	157	0.1427	11365933
3310	MERINO	2	0.0018	37992
3311	CASTERTON	16	0.0145	838329
3312	DERGHOLM	6	0.0055	380601
3314	BULART	7	0.0064	832289
3315	COLERAINE	14	0.0127	505282
3317	HARROW	1	0.0009	300000
3318	EDENHOPE	7	0.0064	246017
3319	APSLEY	3	0.0027	39247
3321	INVERLEIGH	37	0.0336	3737876
3322	CRESSY	3	0.0027	172804
3323	DUVERNEY	2	0.0018	343900
3324	LISMORE	6	0.0055	413525
3325	DERRINALLUM	10	0.0091	790794
3328	TEESDALE	40	0.0364	5226769
3329	SHELFORD	3	0.0027	641889
3330	ROKEWOOD	3	0.0027	107386
3331	BANNOCKBURN	138	0.1255	14616833
3332	LETHBRIDGE	16	0.0145	1342225
3333	BAMGANIE	13	0.0118	988519
3334	BUNGAL	7	0.0064	1002040
3335	PLUMPTON	284	0.2582	59784331
3337	KURUNJANG	405	0.3682	125178385
3338	BROOKFIELD	343	0.3118	60736128
3340	BACCHUS MARSH	305	0.2773	42736056
3341	DALES CREEK	15	0.0136	1411957
3342	BALLAN	60	0.0545	11584563
3345	GORDON	26	0.0236	3151069
3350	ALFREDTON	716	0.6509	122417097
3351	BERRINGA	128	0.1164	11242178
3352	BOLWARRAH	255	0.2318	38831773
3353	BALLARAT	49	0.0445	5690454
3355	LAKE GARDENS	113	0.1027	18253514
3356	DELACOMBE	247	0.2245	44528306
3357	BUNINYONG	58	0.0527	8090910
3360	HAPPY VALLEY	7	0.0064	123259
3361	SKIPTON	2	0.0018	185325
3363	CRESWICK	45	0.0409	5094973
3364	ALLENDALE	38	0.0345	3603196
3370	CLUNES	28	0.0255	2092862
3371	AMHERST	13	0.0118	461541
3373	BEAUFORT	56	0.0509	11886947
3374	GREAT WESTERN	5	0.0045	448160
3375	BALLYROGAN	2	0.0018	71425
3377	ARARAT	124	0.1127	202435767
3378	TATYOON	2	0.0018	476294
3379	CHATSWORTH	6	0.0055	309005
3380	STAWELL	65	0.0591	7422637
3381	BELLELLEN	32	0.0291	3672122
3384	BARKLY	5	0.0045	520394
3385	DADSWELLS BRIDGE	5	0.0045	751401
3387	CALLAWADDA	3	0.0027	223000
3388	RUPANYUP	10	0.0091	844784
3390	MURTOA	9	0.0082	343735
3392	MINYIP	5	0.0045	565517
3393	WARRACKNABEAL	34	0.0309	2423071
3395	BEULAH	3	0.0027	546455
3396	HOPETOUN	14	0.0127	1536944
3400	HORSHAM	205	0.1864	35576610
3401	BRIMPAEN	66	0.0600	13564146
3402	HORSHAM	8	0.0073	2624686
3407	BALMORAL	4	0.0036	194197
3409	ARAPILES	10	0.0091	663177
3412	GOROKE	6	0.0055	48835
3413	NEUARPURR	1	0.0009	25000
3414	DIMBOOLA	14	0.0127	579236
3418	BROUGHTON	41	0.0373	3115903
3419	KANIVA	11	0.0100	584949
3420	SERVICETON	2	0.0018	192713
3423	JEPARIT	5	0.0045	77500
3424	RAINBOW	7	0.0064	325058
3427	DIGGERS REST	19	0.0173	2165997
3428	BULLA	9	0.0082	6495149
3429	SUNBURY	361	0.3282	55592204
3430	CLARKEFIELD	1	0.0009	3600
3431	RIDDELLS CREEK	73	0.0664	4725243
3432	BOLINDA	3	0.0027	300000
3434	ROMSEY	59	0.0536	7092218
3435	BENLOCH	48	0.0436	5388288
3437	BULLENGAROOK	205	0.1864	35296154
3438	NEW GISBORNE	23	0.0209	3080798
3440	MACEDON	17	0.0155	3870548
3441	MOUNT MACEDON	16	0.0145	1967787
3442	ASHBOURNE	105	0.0955	19859974
3444	BARFOLD	168	0.1527	19311484
3446	DRUMMOND NORTH	22	0.0200	40903215
3447	TARADALE	4	0.0036	181530
3448	ELPHINSTONE	14	0.0127	2340901
3450	CASTLEMAINE	131	0.1191	72150912
3451	BARKERS CREEK	89	0.0809	7851138
3453	HARCOURT	24	0.0218	3163657
3458	BLACKWOOD	61	0.0555	8878737
3460	DAYLESFORD	55	0.0500	5351215
3461	BULLARTO	88	0.0800	10467545
3462	MUCKLEFORD SOUTH	20	0.0182	1771918
3463	BARINGHUP	30	0.0273	2968790
3464	CARISBROOK	21	0.0191	1303149
3465	ALMA	127	0.1155	15820955
3467	AVOCA	19	0.0173	814451
3468	AMPHITHEATRE	5	0.0045	416132
3469	ELMHURST	3	0.0027	830500
3472	BET BET	32	0.0291	545152
3475	BEALIBA	4	0.0036	169820
3477	CARAPOOEE WEST	8	0.0073	722661
3478	MOONAMBEL	32	0.0291	2774488
3480	CARRON	31	0.0282	1780183
3482	MORTON PLAINS	2	0.0018	2700
3483	BALLAPUR	28	0.0255	1983210
3485	BANYAN	4	0.0036	128924
3488	TURRIFF EAST	1	0.0009	34595
3490	OUYEN	20	0.0182	6162230
3491	PATCHEWOLLOCK	1	0.0009	489858
3494	COLIGNAN	5	0.0045	241900
3496	CARDROSS	79	0.0718	5822822
3498	IRYMPLE	78	0.0709	8201341
3500	MILDURA	196	0.1782	22150162
3501	HATTAH	32	0.0291	1563188
3502	MILDURA	148	0.1345	16824396
3505	BIRDWOODTON	49	0.0445	2435189
3507	WALPEUP	1	0.0009	19000
3509	UNDERBOOL	2	0.0018	311784
3512	CARINA	3	0.0027	42484
3515	MARONG	45	0.0409	6790126
3516	BRIDGEWATER	14	0.0127	852010
3517	GLENALBYN	21	0.0191	1023126
3518	BORUNG	21	0.0191	3245389
3520	KORONG VALE	2	0.0018	35567
3521	PYALONG	9	0.0082	727753
3522	GLENHOPE EAST	8	0.0073	982590
3523	ARGYLE	60	0.0545	4421021
3525	BUCKRABANYULE	36	0.0327	21999606
3527	BUNGULUKE	17	0.0155	500151
3529	KALPIENUNG	1	0.0009	29800
3531	BERRIWILLOCK	3	0.0027	1247729
3533	NINDA	14	0.0127	450136
3537	BARRAPORT	18	0.0164	1494297
3540	QUAMBATOOK	1	0.0009	17900
3542	LALBERT	4	0.0036	252700
3544	SPRINGFIELD	5	0.0045	89631
3546	MANANGATANG	6	0.0055	310500
3549	ANNUELLO	29	0.0264	3932652
3550	BENDIGO	550	0.5000	66586055
3551	ARNOLD	671	0.6100	80493722
3552	BENDIGO	29	0.0264	7633603
3555	BIG HILL	294	0.2673	34631283
3556	CALIFORNIA GULLY	203	0.1845	23691463
3557	FOSTERVILLE	14	0.0127	2173492
3558	COROP WEST	14	0.0127	1807759
3559	BURRAMBOOT	7	0.0064	752224
3561	BALLENDELLA	59	0.0536	4108298
3562	TORRUMBARRY	5	0.0045	494706
3563	LOCKINGTON	5	0.0045	598649
3564	ECHUCA	256	0.2327	31022021
3565	KOTTA	1	0.0009	9190
3566	GUNBOWER	3	0.0027	31234
3567	LEITCHVILLE	2	0.0018	21388
3568	BURKES BRIDGE	32	0.0291	3086284
3570	KAMAROOKA	6	0.0055	505251
3571	DINGEE	3	0.0027	379400
3572	TENNYSON	3	0.0027	351721
3573	CALIVIL	4	0.0036	458327
3575	MOLOGA	13	0.0118	1455332
3579	APPIN SOUTH	61	0.0555	24999983
3580	KOONDROOK	14	0.0127	380281
3581	LAKE CHARM	3	0.0027	488019
3583	TRESCO	2	0.0018	42400
3584	LAKE BOGA	15	0.0136	130400
3585	CASTLE DONNINGTON	162	0.1473	18012747
3586	MURRAYDALE	7	0.0064	375090
3588	WOORINEN SOUTH	1	0.0009	5500
3589	WOORINEN	6	0.0055	1101684
3590	BEVERFORD	1	0.0009	11500
3594	NYAH	8	0.0073	109942
3595	NYAH WEST	5	0.0045	52945
3596	WOOD WOOD	3	0.0027	270000
3597	LAKE POWELL	6	0.0055	389579
3599	BOUNDARY BEND	3	0.0027	189000
3607	TABILK	2	0.0018	66295
3608	BAILIESTON	46	0.0418	7428584
3610	DHURRINGILE	8	0.0073	640642
3612	RUSHWORTH	15	0.0136	1617953
3614	TOOLAMBA	14	0.0127	1670267
3616	GIRGARRE EAST	69	0.0627	7485241
3618	MERRIGUM	6	0.0055	592531
3619	KYABRAM	5	0.0045	248855
3620	KYABRAM	63	0.0573	7846242
3621	TONGALA	15	0.0136	277864
3622	KOYUGA	3	0.0027	216000
3623	STANHOPE	6	0.0055	136898
3624	GIRGARRE	3	0.0027	83882
3629	ARDMONA	57	0.0518	3942184
3630	SHEPPARTON	290	0.2636	47833605
3631	ARCADIA	195	0.1773	23217604
3632	SHEPPARTON	11	0.0100	1808789
3633	CONGUPNA	7	0.0064	840882
3634	BUNBARTHA	14	0.0127	1455176
3635	KAARIMBA	11	0.0100	443567
3636	NARING	60	0.0545	5505330
3637	WAAIA	7	0.0064	459739
3638	KOTUPNA	29	0.0264	3384116
3639	BARMAH	4	0.0036	117007
3640	KATUNGA	12	0.0109	3334266
3641	BEARII	22	0.0200	1700061
3643	COBRAM	9	0.0082	790513
3644	COBRAM	60	0.0545	8039110
3646	DOOKIE	6	0.0055	374728
3647	DOOKIE COLLEGE	2	0.0018	1016500
3649	KATAMATITE	8	0.0073	581447
3658	BROADFORD	80	0.0727	7850508
3659	TALLAROOK	7	0.0064	912995
3660	HIGHLANDS	81	0.0736	7473690
3661	SEYMOUR	3	0.0027	201924
3663	MANGALORE	3	0.0027	632293
3664	AVENEL	18	0.0164	1373463
3665	LONGWOOD	2	0.0018	260000
3666	BALMATTUM	80	0.0727	7271142
3669	BOHO	24	0.0218	1836330
3670	BADDAGINNIE	8	0.0073	335597
3671	BENALLA	2	0.0018	945691
3672	BENALLA	130	0.1182	8117170
3673	LIMA EAST	26	0.0236	2404343
3675	GLENROWAN	16	0.0145	767595
3676	WANGARATTA	21	0.0191	12478187
3677	WANGARATTA	186	0.1691	21067410
3678	BOORHAMAN	66	0.0600	8707419
3682	BORALMA	3	0.0027	51625
3683	CHILTERN	16	0.0145	894026
3685	BRIMIN	33	0.0300	1818088
3687	WAHGUNYAH	17	0.0155	1923614
3688	BARNAWARTHA	14	0.0127	2250045
3689	WODONGA	14	0.0127	9697942
3690	WEST WODONGA	330	0.3000	48930343
3691	ALLANS FLAT	158	0.1436	39313037
3695	HUON	4	0.0036	173111
3697	TAWONGA	4	0.0036	159407
3698	TAWONGA SOUTH	17	0.0155	1803909
3699	BOGONG	45	0.0409	4066163
3700	BULLIOH	18	0.0164	3443311
3701	DARTMOUTH	14	0.0127	1018959
3705	CUDGEWA	1	0.0009	29370
3707	COLAC COLAC	28	0.0255	1301357
3709	WALWA	1	0.0009	10200
3711	BUXTON	20	0.0182	2335213
3712	RUBICON	4	0.0036	365000
3713	EILDON	20	0.0182	2042049
3714	ACHERON	54	0.0491	4250496
3715	MERTON	4	0.0036	602320
3717	FLOWERDALE	45	0.0409	6209715
3718	MOLESWORTH	1	0.0009	150000
3719	GOBUR	10	0.0091	742272
3720	BONNIE DOON	29	0.0264	2681892
3722	BARWITE	70	0.0636	8029465
3723	BARJARG	45	0.0409	6146931
3724	MANSFIELD	13	0.0118	1204743
3725	CHESNEY VALE	5	0.0045	191058
3726	THOONA	2	0.0018	281439
3727	LAKE ROWAN	4	0.0036	773720
3728	TUNGAMAH	13	0.0118	347764
3730	BUNDALONG	176	0.1600	19059820
3732	MOYHU	2	0.0018	10000
3733	WHITFIELD	5	0.0045	601500
3735	BOWMANS FOREST	1	0.0009	140000
3736	MYRTLEFORD	3	0.0027	314954
3737	BUFFALO RIVER	60	0.0545	4447426
3738	OVENS	1	0.0009	4500
3740	BUCKLAND	22	0.0200	2089005
3741	BRIGHT	72	0.0655	6538638
3744	WANDILIGONG	11	0.0100	1212510
3746	ELDORADO	5	0.0045	384170
3747	BEECHWORTH	77	0.0700	10697950
3749	BRUARONG	31	0.0282	2361268
3750	WOLLERT	271	0.2464	62115684
3751	WOODSTOCK	2	0.0018	56085
3752	SOUTH MORANG	169	0.1536	42008353
3753	BEVERIDGE	63	0.0573	13263996
3754	DOREEN	816	0.7418	161053431
3756	CHINTIN	204	0.1855	37122651
3757	EDEN PARK	128	0.1164	24161314
3758	HEATHCOTE JUNCTION	13	0.0118	1365032
3759	PANTON HILL	12	0.0109	727990
3760	SMITHS GULLY	6	0.0055	328310
3761	ST ANDREWS	12	0.0109	1505819
3763	KINGLAKE	34	0.0309	2769011
3764	GLENAROUA	191	0.1736	29652622
3765	MONTROSE	62	0.0564	3784675
3766	KALORAMA	2	0.0018	64507
3767	MOUNT DANDENONG	20	0.0182	3214585
3770	COLDSTREAM	29	0.0264	2797995
3775	CHRISTMAS HILLS	48	0.0436	6598747
3777	BADGER CREEK	93	0.0845	8083906
3778	NARBETHONG	4	0.0036	512200
3779	MARYSVILLE	27	0.0245	26293226
3781	COCKATOO	32	0.0291	2515617
3782	AVONSLEIGH	58	0.0527	12319339
3783	GEMBROOK	42	0.0382	5662435
3786	FERNY CREEK	13	0.0118	2586611
3787	SASSAFRAS	5	0.0045	220840
3788	OLINDA	16	0.0145	1036105
3789	SHERBROOKE	1	0.0009	9752
3791	KALLISTA	10	0.0091	830939
3792	THE PATCH	8	0.0073	235255
3793	MONBULK	20	0.0182	1700269
3795	SILVAN	9	0.0082	620810
3796	MOUNT EVELYN	83	0.0755	5907353
3797	GLADYSDALE	36	0.0327	4117656
3799	EAST WARBURTON	51	0.0464	4678811
3802	ENDEAVOUR HILLS	89	0.0809	6185946
3803	HALLAM	62	0.0564	15470711
3804	NARRE WARREN EAST	106	0.0964	13664034
3805	FOUNTAIN GATE	358	0.3255	52204385
3806	BERWICK	348	0.3164	89705323
3807	BEACONSFIELD	69	0.0627	12641596
3808	BEACONSFIELD UPPER	29	0.0264	4548513
3809	OFFICER	204	0.1855	50071668
3810	PAKENHAM	624	0.5673	144914407
3812	MARYKNOLL	19	0.0173	1561096
3813	TYNONG	10	0.0091	3285361
3814	CORA LYNN	25	0.0227	3196413
3815	BUNYIP	49	0.0445	5679144
3816	LABERTOUCHE	49	0.0445	8393713
3818	DROUIN	240	0.2182	35953078
3820	LILLICO	297	0.2700	46658691
3821	BRANDY CREEK	47	0.0427	3535606
3822	CLOVERLEA	26	0.0236	1060501
3823	ALLAMBEE	44	0.0400	3974339
3824	NARRACAN	68	0.0618	5715039
3825	ERICA	178	0.1618	15947516
3831	NEERIM	26	0.0236	2803090
3832	NAYOOK	3	0.0027	49357
3833	NOOJEE	7	0.0064	2712954
3835	THORPDALE	7	0.0064	1093730
3840	HAZELWOOD	157	0.1427	22945623
3842	CHURCHILL	40	0.0364	3400513
3844	CALLIGNEE	318	0.2891	35013618
3847	NAMBROK	36	0.0327	5284324
3850	SALE	188	0.1709	22426595
3851	AIRLY	116	0.1055	12051034
3853	SALE	1	0.0009	175000
3854	GLENGARRY	23	0.0209	957194
3856	TOONGABBIE	13	0.0118	669610
3857	COWWARR	4	0.0036	41980
3858	DAWSON	76	0.0691	5155694
3859	MAFFRA WEST UPPER	14	0.0127	867125
3860	BOISDALE	117	0.1064	9812975
3862	COBBANNAH	45	0.0409	2733481
3864	FERNBANK	6	0.0055	485860
3865	LINDENOW	8	0.0073	732744
3869	YINNAR	11	0.0100	367364
3870	BOOLARRA	19	0.0173	1176826
3871	BAROMI	41	0.0373	4286589
3874	WOODSIDE	9	0.0082	557662
3875	BAIRNSDALE	304	0.2764	54885743
3878	EAGLE POINT	10	0.0091	1636522
3880	PAYNESVILLE	78	0.0709	14120557
3882	NICHOLSON	17	0.0155	1782532
3885	BRUTHEN	12	0.0109	271046
3886	NEWMERELLA	4	0.0036	851600
3887	WAIREWA	1	0.0009	20200
3888	BENDOC	39	0.0355	2506513
3889	BEMM RIVER	1	0.0009	25000
3890	TAMBOON	1	0.0009	100000
3892	MALLACOOTA	15	0.0136	2177028
3893	TAMBO CROSSING	1	0.0009	12500
3895	ENSAY	2	0.0018	530000
3896	SWIFTS CREEK	4	0.0036	73260
3898	CASSILIS	9	0.0082	1206120
3900	BENAMBRA	2	0.0018	297870
3902	JOHNSONVILLE	5	0.0045	693662
3903	SWAN REACH	8	0.0073	1575606
3904	METUNG	36	0.0327	5981393
3909	KALIMNA	91	0.0827	8980957
3910	LANGWARRIN	206	0.1873	34657886
3911	BAXTER	28	0.0255	3092631
3912	PEARCEDALE	119	0.1082	15573516
3913	TYABB	40	0.0364	5958318
3915	HASTINGS	63	0.0573	15313986
3916	MERRICKS	38	0.0345	22758283
3918	BITTERN	43	0.0391	3471532
3919	CRIB POINT	28	0.0255	2453864
3921	FRENCH ISLAND	2	0.0018	550000
3922	COWES	246	0.2236	32630518
3923	RHYLL	17	0.0155	7175075
3925	CAPE WOOLAMAI	69	0.0627	6065539
3926	BALNARRING	60	0.0545	10762849
3927	SOMERS	28	0.0255	6157713
3928	MAIN RIDGE	10	0.0091	2706343
3929	FLINDERS	42	0.0382	18264528
3930	MOUNT ELIZA	211	0.1918	30238219
3931	MORNINGTON	259	0.2355	72079909
3933	MOOROODUC	16	0.0145	860312
3934	MOUNT MARTHA	256	0.2327	49858939
3936	ARTHURS SEAT	234	0.2127	51952918
3937	RED HILL	36	0.0327	9077271
3938	MCCRAE	70	0.0636	8121736
3939	BONEO	231	0.2100	31956917
3940	ROSEBUD WEST	42	0.0382	5918765
3941	RYE	219	0.1991	28515197
3942	BLAIRGOWRIE	120	0.1091	20109333
3943	SORRENTO	101	0.0918	31319560
3944	PORTSEA	64	0.0582	18703660
3945	JEETHO	14	0.0127	780386
3950	KARDELLA SOUTH	66	0.0600	7979903
3951	ARAWATA	25	0.0227	2635406
3953	BERRYS CREEK	93	0.0845	12322835
3954	KOONWARRA	5	0.0045	1042187
3956	DUMBALK	70	0.0636	6712322
3957	STONY CREEK	3	0.0027	232932
3959	FISH CREEK	41	0.0373	4575830
3960	BOOLARONG	56	0.0509	4805101
3962	AGNES	13	0.0118	1815796
3964	PORT FRANKLIN	5	0.0045	42790
3965	PORT WELSHPOOL	9	0.0082	338252
3966	BINGINWARRI	10	0.0091	495759
3967	HEDLEY	3	0.0027	118200
3971	ALBERTON	62	0.0564	4650362
3975	LYNBROOK	143	0.1300	25064192
3976	HAMPTON PARK	111	0.1009	13787134
3977	BOTANIC RIDGE	1263	1.1482	239300475
3978	CARDINIA	541	0.4918	130243893
3979	KERNOT	1	0.0009	7480
3980	BLIND BIGHT	21	0.0191	1908107
3981	BAYLES	67	0.0609	8322020
3984	ADAMS ESTATE	81	0.0736	8574119
3987	NYORA	15	0.0136	1061840
3988	MOUNTAIN VIEW	14	0.0127	1586105
3990	GLEN FORBES	1	0.0009	80000
3991	BASS	3	0.0027	602410
3992	DALYSTON	12	0.0109	1511865
3995	CAPE PATERSON	188	0.1709	27288490
3996	INVERLOCH	149	0.1355	19094067
8002	EAST MELBOURNE	5	0.0045	1157070
8012	DOCKLANDS	7	0.0064	1303092
